      chord_R      taper_M      twist_R      twist_M    taper_tip         span    sweep_tip      twist_T         MTOW       W_fuel
         5.78        0.699            4         2.62        0.356       14.038        19.37        -0.44        43090      10921.2
         5.78        0.699            4         2.62        0.356       14.038        19.37        -0.44        43090      10921.2
         5.78        0.699            4         2.62        0.356       14.038        19.37        -0.44        43090      10921.2
         5.78        0.699            4         2.62        0.356       14.038        19.37        -0.44        43090      10921.2
         5.78        0.699            4         2.62        0.356       14.038        19.37        -0.44        43090      10921.2
         5.78        0.699            4         2.62        0.356       14.038        19.37        -0.44        43090      10921.2
         5.78        0.699            4         2.62        0.356       14.038        19.37        -0.44        43090      10921.2
         5.78        0.699            4         2.62        0.356       14.038        19.37        -0.44        43090      10921.2
         5.78        0.699            4         2.62        0.356       14.038        19.37        -0.44        43090      10921.2
         5.78        0.699            4         2.62        0.356       14.038        19.37        -0.44        43090      10921.2
         5.78        0.699            4         2.62        0.356       14.038        19.37        -0.44        43090      10921.2
         5.78        0.699            4         2.62        0.356       14.038        19.37        -0.44        43090      10921.2
         5.78        0.699            4         2.62        0.356       14.038        19.37        -0.44        43090      10921.2
         5.78        0.699            4         2.62        0.356       14.038        19.37        -0.44        43090      10921.2
         5.78        0.699            4         2.62        0.356       14.038        19.37        -0.44        43090      10921.2
         5.78        0.699            4         2.62        0.356       14.038        19.37        -0.44        43090      10921.2
         5.78        0.699            4         2.62        0.356       14.038        19.37        -0.44        43090      10921.2
         5.78        0.699            4         2.62        0.356       14.038        19.37        -0.44        43090      10921.2
         5.78        0.699            4         2.62        0.356       14.038        19.37        -0.44        43090      10921.2
         5.78        0.699            4         2.62        0.356       14.038        19.37        -0.44        43090      10921.2
         5.78        0.699            4         2.62        0.356       14.038        19.37        -0.44        43090      10921.2
         5.78        0.699            4         2.62        0.356       14.038        19.37        -0.44        43090      10921.2
         5.78        0.699            4         2.62        0.356       14.038        19.37        -0.44        43090      10921.2
         5.78        0.699            4         2.62        0.356       14.038        19.37        -0.44        43090      10921.2
         5.78        0.699            4         2.62        0.356       14.038        19.37        -0.44        43090      10921.2
         5.78        0.699            4         2.62        0.356       14.038        19.37        -0.44        43090      10921.2
         5.78        0.699            4         2.62        0.356       14.038        19.37        -0.44        43090      10921.2
         5.78        0.699            4         2.62        0.356       14.038        19.37        -0.44        43090      10921.2
         5.78        0.699            4         2.62        0.356       14.038        19.37        -0.44        43090      10921.2
         5.78        0.699            4         2.62        0.356       14.038        19.37        -0.44        43090      10921.2
         5.78        0.699            4         2.62        0.356       14.038        19.37        -0.44        43090      10921.2
         5.78        0.699            4         2.62        0.356       14.038        19.37        -0.44        43090      10921.2
         5.78        0.699            4         2.62        0.356       14.038        19.37        -0.44      42274.6        10000
         5.78        0.699            4         2.62        0.356       14.038        19.37        -0.44      42519.2      10276.4
         5.78        0.699            4         2.62        0.356       14.038        19.37        -0.44      42519.2      10276.4
         5.78        0.699            4         2.62        0.356       14.038        19.37        -0.44      42519.2      10276.4
         5.78        0.699            4         2.62        0.356       14.038        19.37        -0.44      42519.2      10276.4
         5.78        0.699            4         2.62        0.356       14.038        19.37        -0.44      42519.2      10276.4
         5.78        0.699            4         2.62        0.356       14.038        19.37        -0.44      42519.2      10276.4
         5.78        0.699            4         2.62        0.356       14.038        19.37        -0.44      42519.2      10276.4
         5.78        0.699            4         2.62        0.356       14.038        19.37        -0.44      42519.2      10276.4
         5.78        0.699            4         2.62        0.356       14.038        19.37        -0.44      42519.2      10276.4
         5.78        0.699            4         2.62        0.356       14.038        19.37        -0.44      42519.2      10276.4
         5.78        0.699            4         2.62        0.356       14.038        19.37        -0.44      42519.2      10276.4
         5.78        0.699            4         2.62        0.356       14.038        19.37        -0.44      42519.2      10276.4
         5.78        0.699            4         2.62        0.356       14.038        19.37        -0.44      42519.2      10276.4
         5.78        0.699            4         2.62        0.356       14.038        19.37        -0.44      42519.2      10276.4
         5.78        0.699            4         2.62        0.356       14.038        19.37        -0.44      42519.2      10276.4
         5.78        0.699            4         2.62        0.356       14.038        19.37        -0.44      42519.2      10276.4
         5.78        0.699            4         2.62        0.356       14.038        19.37        -0.44      42519.2      10276.4
         5.78        0.699            4         2.62        0.356       14.038        19.37        -0.44      42519.2      10276.4
         5.78        0.699            4         2.62        0.356       14.038        19.37        -0.44      42519.2      10276.4
         5.78        0.699            4         2.62        0.356       14.038        19.37        -0.44      42519.2      10276.4
         5.78        0.699            4         2.62        0.356       14.038        19.37        -0.44      42519.2      10276.4
         5.78        0.699            4         2.62        0.356       14.038        19.37        -0.44      42519.2      10276.4
         5.78        0.699            4         2.62        0.356       14.038        19.37        -0.44      42519.2      10276.4
         5.78        0.699            4         2.62        0.356       14.038        19.37        -0.44      42519.2      10276.4
         5.78        0.699            4         2.62        0.356       14.038        19.37        -0.44      42519.2      10276.4
         5.78        0.699            4         2.62        0.356       14.038        19.37        -0.44      42519.2      10276.4
         5.78        0.699            4         2.62        0.356       14.038        19.37        -0.44      42519.2      10276.4
         5.78        0.699            4         2.62        0.356       14.038        19.37        -0.44      42519.2      10276.4
         5.78        0.699            4         2.62        0.356       14.038        19.37        -0.44      42519.2      10276.4
         5.78        0.699            4         2.62        0.356       14.038        19.37        -0.44      42519.2      10276.4
         5.78        0.699            4         2.62        0.356       14.038        19.37        -0.44      42519.2      10276.4
         5.78        0.699            4         2.62        0.356       14.038        19.37        -0.44      42519.2      10276.4
      5.75115     0.699342      4.00001      2.61984        0.356       14.038        19.37        -0.44        46614        10000
      5.75981      0.69924      4.00001      2.61989        0.356       14.038        19.37        -0.44      45385.5      10082.9
      5.76586     0.699168      4.00001      2.61992        0.356       14.038        19.37        -0.44      44525.6      10140.9
       5.7701     0.699117            4      2.61994        0.356       14.038        19.37        -0.44      43923.7      10181.6
      5.77307     0.699082            4      2.61996        0.356       14.038        19.37        -0.44      43502.4        10210
      5.77515     0.699058            4      2.61997        0.356       14.038        19.37        -0.44      43207.4      10229.9
      5.77661      0.69904            4      2.61998        0.356       14.038        19.37        -0.44        43001      10243.8
      5.77762     0.699028            4      2.61999        0.356       14.038        19.37        -0.44      42856.4      10253.6
