                                          Coefficients Root Upper                                          Coefficients Root Lower
                                           Coefficients Tip Upper                                           Coefficients Tip Lower

     0.153529     0.114368     0.212918     0.119277    0.0696464     -0.16932   -0.0921931    -0.302734   -0.0927821    -0.108254
     0.180964     0.112376      0.19925     0.144259     0.150038    -0.152239     0.102651    -0.333683     0.114339    -0.156366


     0.153529     0.114368     0.212918     0.119277    0.0696464     -0.16932   -0.0921931    -0.302734   -0.0927821    -0.108254
     0.180964     0.112376      0.19925     0.144259     0.150038    -0.152239     0.102651    -0.333683     0.114339    -0.156366


     0.153529     0.114368     0.212918     0.119277    0.0696464     -0.16932   -0.0921931    -0.302734   -0.0927821    -0.108254
     0.180964     0.112376      0.19925     0.144259     0.150038    -0.152239     0.102651    -0.333683     0.114339    -0.156366


     0.153529     0.114368     0.212918     0.119277    0.0696464     -0.16932   -0.0921931    -0.302734   -0.0927821    -0.108254
     0.180964     0.112376      0.19925     0.144259     0.150038    -0.152239     0.102651    -0.333683     0.114339    -0.156366


     0.153529     0.114368     0.212918     0.119277    0.0696464     -0.16932   -0.0921931    -0.302734   -0.0927821    -0.108254
     0.180964     0.112376      0.19925     0.144259     0.150038    -0.152239     0.102651    -0.333683     0.114339    -0.156366


     0.153529     0.114368     0.212918     0.119277    0.0696464     -0.16932   -0.0921931    -0.302734   -0.0927821    -0.108254
     0.180964     0.112376      0.19925     0.144259     0.150038    -0.152239     0.102651    -0.333683     0.114339    -0.156366


     0.153529     0.114368     0.212918     0.119277    0.0696464     -0.16932   -0.0921931    -0.302734   -0.0927821    -0.108254
     0.180964     0.112376      0.19925     0.144259     0.150038    -0.152239     0.102651    -0.333683     0.114339    -0.156366


     0.153529     0.114368     0.212918     0.119277    0.0696464     -0.16932   -0.0921931    -0.302734   -0.0927821    -0.108254
     0.180964     0.112376      0.19925     0.144259     0.150038    -0.152239     0.102651    -0.333683     0.114339    -0.156366


     0.153529     0.114368     0.212918     0.119277    0.0696464     -0.16932   -0.0921931    -0.302734   -0.0927821    -0.108254
     0.180964     0.112376      0.19925     0.144259     0.150038    -0.152239     0.102651    -0.333683     0.114339    -0.156366


     0.153529     0.114368     0.212918     0.119277    0.0696464     -0.16932   -0.0921931    -0.302734   -0.0927821    -0.108254
     0.180964     0.112376      0.19925     0.144259     0.150038    -0.152239     0.102651    -0.333683     0.114339    -0.156366


     0.153529     0.114368     0.212918     0.119277    0.0696464     -0.16932   -0.0921931    -0.302734   -0.0927821    -0.108254
     0.180964     0.112376      0.19925     0.144259     0.150038    -0.152239     0.102651    -0.333683     0.114339    -0.156366


     0.153529     0.114368     0.212918     0.119277    0.0696464     -0.16932   -0.0921931    -0.302734   -0.0927821    -0.108254
     0.180964     0.112376      0.19925     0.144259     0.150038    -0.152239     0.102651    -0.333683     0.114339    -0.156366


     0.153529     0.114368     0.212918     0.119277    0.0696464     -0.16932   -0.0921931    -0.302734   -0.0927821    -0.108254
     0.180964     0.112376      0.19925     0.144259     0.150038    -0.152239     0.102651    -0.333683     0.114339    -0.156366


     0.153529     0.114368     0.212918     0.119277    0.0696464     -0.16932   -0.0921931    -0.302734   -0.0927821    -0.108254
     0.180964     0.112376      0.19925     0.144259     0.150038    -0.152239     0.102651    -0.333683     0.114339    -0.156366


     0.153529     0.114368     0.212918     0.119277    0.0696464     -0.16932   -0.0921931    -0.302734   -0.0927821    -0.108254
     0.180964     0.112376      0.19925     0.144259     0.150038    -0.152239     0.102651    -0.333683     0.114339    -0.156366


     0.153529     0.114368     0.212918     0.119277    0.0696464     -0.16932   -0.0921931    -0.302734   -0.0927821    -0.108254
     0.180964     0.112376      0.19925     0.144259     0.150038    -0.152239     0.102651    -0.333683     0.114339    -0.156366


     0.153529     0.114368     0.212918     0.119277    0.0696464     -0.16932   -0.0921931    -0.302734   -0.0927821    -0.108254
     0.180964     0.112376      0.19925     0.144259     0.150038    -0.152239     0.102651    -0.333683     0.114339    -0.156366


     0.153529     0.114368     0.212918     0.119277    0.0696464     -0.16932   -0.0921931    -0.302734   -0.0927821    -0.108254
     0.180964     0.112376      0.19925     0.144259     0.150038    -0.152239     0.102651    -0.333683     0.114339    -0.156366


     0.153529     0.114368     0.212918     0.119277    0.0696464     -0.16932   -0.0921931    -0.302734   -0.0927821    -0.108254
     0.180964     0.112376      0.19925     0.144259     0.150038    -0.152239     0.102651    -0.333683     0.114339    -0.156366


     0.153529     0.114368     0.212918     0.119277    0.0696464     -0.16932   -0.0921931    -0.302734   -0.0927821    -0.108254
     0.180964     0.112376      0.19925     0.144259     0.150038    -0.152239     0.102651    -0.333683     0.114339    -0.156366


     0.153529     0.114368     0.212918     0.119277    0.0696464     -0.16932   -0.0921931    -0.302734   -0.0927821    -0.108254
     0.180964     0.112376      0.19925     0.144259     0.150038    -0.152239     0.102651    -0.333683     0.114339    -0.156366


     0.153529     0.114368     0.212918     0.119277    0.0696464     -0.16932   -0.0921931    -0.302734   -0.0927821    -0.108254
     0.180964     0.112376      0.19925     0.144259     0.150038    -0.152239     0.102651    -0.333683     0.114339    -0.156366


     0.153529     0.114368     0.212918     0.119277    0.0696464     -0.16932   -0.0921931    -0.302734   -0.0927821    -0.108254
     0.180964     0.112376      0.19925     0.144259     0.150038    -0.152239     0.102651    -0.333683     0.114339    -0.156366


     0.153529     0.114368     0.212918     0.119277    0.0696464     -0.16932   -0.0921931    -0.302734   -0.0927821    -0.108254
     0.180964     0.112376      0.19925     0.144259     0.150038    -0.152239     0.102651    -0.333683     0.114339    -0.156366


     0.153529     0.114368     0.212918     0.119277    0.0696464     -0.16932   -0.0921931    -0.302734   -0.0927821    -0.108254
     0.180964     0.112376      0.19925     0.144259     0.150038    -0.152239     0.102651    -0.333683     0.114339    -0.156366


     0.153529     0.114368     0.212918     0.119277    0.0696464     -0.16932   -0.0921931    -0.302734   -0.0927821    -0.108254
     0.180964     0.112376      0.19925     0.144259     0.150038    -0.152239     0.102651    -0.333683     0.114339    -0.156366


     0.153529     0.114368     0.212918     0.119277    0.0696464     -0.16932   -0.0921931    -0.302734   -0.0927821    -0.108254
     0.180964     0.112376      0.19925     0.144259     0.150038    -0.152239     0.102651    -0.333683     0.114339    -0.156366


     0.153529     0.114368     0.212918     0.119277    0.0696464     -0.16932   -0.0921931    -0.302734   -0.0927821    -0.108254
     0.180964     0.112376      0.19925     0.144259     0.150038    -0.152239     0.102651    -0.333683     0.114339    -0.156366


     0.153529     0.114368     0.212918     0.119277    0.0696464     -0.16932   -0.0921931    -0.302734   -0.0927821    -0.108254
     0.180964     0.112376      0.19925     0.144259     0.150038    -0.152239     0.102651    -0.333683     0.114339    -0.156366


     0.153529     0.114368     0.212918     0.119277    0.0696464     -0.16932   -0.0921931    -0.302734   -0.0927821    -0.108254
     0.180964     0.112376      0.19925     0.144259     0.150038    -0.152239     0.102651    -0.333683     0.114339    -0.156366


     0.153529     0.114368     0.212918     0.119277    0.0696464     -0.16932   -0.0921931    -0.302734   -0.0927821    -0.108254
     0.180964     0.112376      0.19925     0.144259     0.150038    -0.152239     0.102651    -0.333683     0.114339    -0.156366


     0.153529     0.114368     0.212918     0.119277    0.0696464     -0.16932   -0.0921931    -0.302734   -0.0927821    -0.108254
     0.180964     0.112376      0.19925     0.144259     0.150038    -0.152239     0.102651    -0.333683     0.114339    -0.156366


     0.153529     0.114368     0.212918     0.119277    0.0696464     -0.16932   -0.0921931    -0.302734   -0.0927821    -0.108254
     0.180964     0.112376      0.19925     0.144259     0.150038    -0.152239     0.102651    -0.333683     0.114339    -0.156366


     0.153529     0.114368     0.212918     0.119277    0.0696464     -0.16932   -0.0921931    -0.302734   -0.0927821    -0.108254
     0.180964     0.112376      0.19925     0.144259     0.150038    -0.152239     0.102651    -0.333683     0.114339    -0.156366


     0.153529     0.114368     0.212918     0.119277    0.0696464     -0.16932   -0.0921931    -0.302734   -0.0927821    -0.108254
     0.180964     0.112376      0.19925     0.144259     0.150038    -0.152239     0.102651    -0.333683     0.114339    -0.156366


     0.153529     0.114368     0.212918     0.119277    0.0696464     -0.16932   -0.0921931    -0.302734   -0.0927821    -0.108254
     0.180964     0.112376      0.19925     0.144259     0.150038    -0.152239     0.102651    -0.333683     0.114339    -0.156366


     0.153529     0.114368     0.212918     0.119277    0.0696464     -0.16932   -0.0921931    -0.302734   -0.0927821    -0.108254
     0.180964     0.112376      0.19925     0.144259     0.150038    -0.152239     0.102651    -0.333683     0.114339    -0.156366


     0.153529     0.114368     0.212918     0.119277    0.0696464     -0.16932   -0.0921931    -0.302734   -0.0927821    -0.108254
     0.180964     0.112376      0.19925     0.144259     0.150038    -0.152239     0.102651    -0.333683     0.114339    -0.156366


     0.153529     0.114368     0.212918     0.119277    0.0696464     -0.16932   -0.0921931    -0.302734   -0.0927821    -0.108254
     0.180964     0.112376      0.19925     0.144259     0.150038    -0.152239     0.102651    -0.333683     0.114339    -0.156366


     0.153529     0.114368     0.212918     0.119277    0.0696464     -0.16932   -0.0921931    -0.302734   -0.0927821    -0.108254
     0.180964     0.112376      0.19925     0.144259     0.150038    -0.152239     0.102651    -0.333683     0.114339    -0.156366


     0.153529     0.114368     0.212918     0.119277    0.0696464     -0.16932   -0.0921931    -0.302734   -0.0927821    -0.108254
     0.180964     0.112376      0.19925     0.144259     0.150038    -0.152239     0.102651    -0.333683     0.114339    -0.156366


     0.153529     0.114368     0.212918     0.119277    0.0696464     -0.16932   -0.0921931    -0.302734   -0.0927821    -0.108254
     0.180964     0.112376      0.19925     0.144259     0.150038    -0.152239     0.102651    -0.333683     0.114339    -0.156366


     0.153529     0.114368     0.212918     0.119277    0.0696464     -0.16932   -0.0921931    -0.302734   -0.0927821    -0.108254
     0.180964     0.112376      0.19925     0.144259     0.150038    -0.152239     0.102651    -0.333683     0.114339    -0.156366


     0.153529     0.114368     0.212918     0.119277    0.0696464     -0.16932   -0.0921931    -0.302734   -0.0927821    -0.108254
     0.180964     0.112376      0.19925     0.144259     0.150038    -0.152239     0.102651    -0.333683     0.114339    -0.156366


     0.153529     0.114368     0.212918     0.119277    0.0696464     -0.16932   -0.0921931    -0.302734   -0.0927821    -0.108254
     0.180964     0.112376      0.19925     0.144259     0.150038    -0.152239     0.102651    -0.333683     0.114339    -0.156366


     0.153529     0.114368     0.212918     0.119277    0.0696464     -0.16932   -0.0921931    -0.302734   -0.0927821    -0.108254
     0.180964     0.112376      0.19925     0.144259     0.150038    -0.152239     0.102651    -0.333683     0.114339    -0.156366


     0.153529     0.114368     0.212918     0.119277    0.0696464     -0.16932   -0.0921931    -0.302734   -0.0927821    -0.108254
     0.180964     0.112376      0.19925     0.144259     0.150038    -0.152239     0.102651    -0.333683     0.114339    -0.156366


     0.153529     0.114368     0.212918     0.119277    0.0696464     -0.16932   -0.0921931    -0.302734   -0.0927821    -0.108254
     0.180964     0.112376      0.19925     0.144259     0.150038    -0.152239     0.102651    -0.333683     0.114339    -0.156366


     0.153529     0.114368     0.212918     0.119277    0.0696464     -0.16932   -0.0921931    -0.302734   -0.0927821    -0.108254
     0.180964     0.112376      0.19925     0.144259     0.150038    -0.152239     0.102651    -0.333683     0.114339    -0.156366


     0.153529     0.114368     0.212918     0.119277    0.0696464     -0.16932   -0.0921931    -0.302734   -0.0927821    -0.108254
     0.180964     0.112376      0.19925     0.144259     0.150038    -0.152239     0.102651    -0.333683     0.114339    -0.156366


     0.153529     0.114368     0.212918     0.119277    0.0696464     -0.16932   -0.0921931    -0.302734   -0.0927821    -0.108254
     0.180964     0.112376      0.19925     0.144259     0.150038    -0.152239     0.102651    -0.333683     0.114339    -0.156366


     0.153529     0.114368     0.212918     0.119277    0.0696464     -0.16932   -0.0921931    -0.302734   -0.0927821    -0.108254
     0.180964     0.112376      0.19925     0.144259     0.150038    -0.152239     0.102651    -0.333683     0.114339    -0.156366


     0.153529     0.114368     0.212918     0.119277    0.0696464     -0.16932   -0.0921931    -0.302734   -0.0927821    -0.108254
     0.180964     0.112376      0.19925     0.144259     0.150038    -0.152239     0.102651    -0.333683     0.114339    -0.156366


     0.153529     0.114368     0.212918     0.119277    0.0696464     -0.16932   -0.0921931    -0.302734   -0.0927821    -0.108254
     0.180964     0.112376      0.19925     0.144259     0.150038    -0.152239     0.102651    -0.333683     0.114339    -0.156366


     0.153529     0.114368     0.212918     0.119277    0.0696464     -0.16932   -0.0921931    -0.302734   -0.0927821    -0.108254
     0.180964     0.112376      0.19925     0.144259     0.150038    -0.152239     0.102651    -0.333683     0.114339    -0.156366


     0.153529     0.114368     0.212918     0.119277    0.0696464     -0.16932   -0.0921931    -0.302734   -0.0927821    -0.108254
     0.180964     0.112376      0.19925     0.144259     0.150038    -0.152239     0.102651    -0.333683     0.114339    -0.156366


     0.153529     0.114368     0.212918     0.119277    0.0696464     -0.16932   -0.0921931    -0.302734   -0.0927821    -0.108254
     0.180964     0.112376      0.19925     0.144259     0.150038    -0.152239     0.102651    -0.333683     0.114339    -0.156366


     0.153529     0.114368     0.212918     0.119277    0.0696464     -0.16932   -0.0921931    -0.302734   -0.0927821    -0.108254
     0.180964     0.112376      0.19925     0.144259     0.150038    -0.152239     0.102651    -0.333683     0.114339    -0.156366


     0.153529     0.114368     0.212918     0.119277    0.0696464     -0.16932   -0.0921931    -0.302734   -0.0927821    -0.108254
     0.180964     0.112376      0.19925     0.144259     0.150038    -0.152239     0.102651    -0.333683     0.114339    -0.156366


     0.153529     0.114368     0.212918     0.119277    0.0696464     -0.16932   -0.0921931    -0.302734   -0.0927821    -0.108254
     0.180964     0.112376      0.19925     0.144259     0.150038    -0.152239     0.102651    -0.333683     0.114339    -0.156366


     0.153529     0.114368     0.212918     0.119277    0.0696464     -0.16932   -0.0921931    -0.302734   -0.0927821    -0.108254
     0.180964     0.112376      0.19925     0.144259     0.150038    -0.152239     0.102651    -0.333683     0.114339    -0.156366


     0.153529     0.114368     0.212918     0.119277    0.0696464     -0.16932   -0.0921931    -0.302734   -0.0927821    -0.108254
     0.180964     0.112376      0.19925     0.144259     0.150038    -0.152239     0.102651    -0.333683     0.114339    -0.156366


     0.153529     0.114368     0.212918     0.119277    0.0696464     -0.16932   -0.0921931    -0.302734   -0.0927821    -0.108254
     0.180964     0.112376      0.19925     0.144259     0.150038    -0.152239     0.102651    -0.333683     0.114339    -0.156366


     0.153529     0.114368     0.212918     0.119277    0.0696464     -0.16932   -0.0921931    -0.302734   -0.0927821    -0.108254
     0.180964     0.112376      0.19925     0.144259     0.150038    -0.152239     0.102651    -0.333683     0.114339    -0.156366


     0.153529     0.114368     0.212918     0.119277    0.0696464     -0.16932   -0.0921931    -0.302734   -0.0927821    -0.108254
     0.180964     0.112376      0.19925     0.144259     0.150038    -0.152239     0.102651    -0.333683     0.114339    -0.156366


     0.153529     0.114368     0.212918     0.119277    0.0696464     -0.16932   -0.0921931    -0.302734   -0.0927821    -0.108254
     0.180964     0.112376      0.19925     0.144259     0.150038    -0.152239     0.102651    -0.333683     0.114339    -0.156366


     0.153529     0.114368     0.212918     0.119277    0.0696464     -0.16932   -0.0921931    -0.302734   -0.0927821    -0.108254
     0.180964     0.112376      0.19925     0.144259     0.150038    -0.152239     0.102651    -0.333683     0.114339    -0.156366


     0.153529     0.114368     0.212918     0.119277    0.0696464     -0.16932   -0.0921931    -0.302734   -0.0927821    -0.108254
     0.180964     0.112376      0.19925     0.144259     0.150038    -0.152239     0.102651    -0.333683     0.114339    -0.156366


     0.153529     0.114368     0.212918     0.119277    0.0696464     -0.16932   -0.0921931    -0.302734   -0.0927821    -0.108254
     0.180964     0.112376      0.19925     0.144259     0.150038    -0.152239     0.102651    -0.333683     0.114339    -0.156366


     0.153529     0.114368     0.212918     0.119277    0.0696464     -0.16932   -0.0921931    -0.302734   -0.0927821    -0.108254
     0.180964     0.112376      0.19925     0.144259     0.150038    -0.152239     0.102651    -0.333683     0.114339    -0.156366


     0.153529     0.114368     0.212918     0.119277    0.0696464     -0.16932   -0.0921931    -0.302734   -0.0927821    -0.108254
     0.180964     0.112376      0.19925     0.144259     0.150038    -0.152239     0.102651    -0.333683     0.114339    -0.156366


     0.153529     0.114368     0.212918     0.119277    0.0696464     -0.16932   -0.0921931    -0.302734   -0.0927821    -0.108254
     0.180964     0.112376      0.19925     0.144259     0.150038    -0.152239     0.102651    -0.333683     0.114339    -0.156366


     0.153529     0.114368     0.212918     0.119277    0.0696464     -0.16932   -0.0921931    -0.302734   -0.0927821    -0.108254
     0.180964     0.112376      0.19925     0.144259     0.150038    -0.152239     0.102651    -0.333683     0.114339    -0.156366

